best_n=11, k=3
Δ=[0.7198851  0.23524493 0.03516532 0.00760476 0.00128908]
cum=[0.7198851  0.95513003 0.99029536]
